%YAML:1.0
---
CameraExtrinsicMat: !!opencv-matrix
   rows: 4
   cols: 4
   dt: d
   data: [ -1.0037272861233079e-01, 3.4953459809828957e-01,
       9.3153147025915484e-01, -1.6368611156940460e-01,
       -9.8753733945631694e-01, 7.9074347360855946e-02,
       -1.3607810539904586e-01, -5.0803333520889282e-01,
       -1.2122424893747347e-01, -9.3358064050285550e-01,
       3.3724155904606967e-01, -2.3760944604873657e-01, 0., 0., 0., 1. ]
CameraMat: !!opencv-matrix
   rows: 3
   cols: 3
   dt: d
   data: [ 4.2426280000000003e+02, 3.5792000000000002e+00,
       9.6900649999999996e+02, 0., 4.2096990000000000e+02,
       5.1652080000000001e+02, 0., 0., 1. ]
DistCoeff: !!opencv-matrix
   rows: 1
   cols: 5
   dt: d
   data: [ -2.4220000000000000e-01, 4.5600000000000002e-02,
       9.1228999999999995e-04, 2.9795000000000001e-04,
       -3.3000000000000000e-03 ]
ImageSize: [ 1920, 1080 ]
ReprojectionError: 0
DistModel: plumb_bob
