%YAML:1.0
---
CameraExtrinsicMat: !!opencv-matrix
   rows: 4
   cols: 4
   dt: d
   data: [ 6.8796592024726710e-02, 2.2508388117453576e-01,
       9.7190754465699603e-01, 3.3615816384553909e-02,
       -9.9700009252360289e-01, -1.9121724903028436e-02,
       7.5001167621980169e-02, 6.1203265190124512e-01,
       3.5466102601086069e-02, -9.7415173667768018e-01,
       2.2309314084962106e-01, -4.2890176177024841e-02, 0., 0., 0., 1. ]
CameraMat: !!opencv-matrix
   rows: 3
   cols: 3
   dt: d
   data: [ 4.2426280000000003e+02, 3.5792000000000002e+00,
       9.6900649999999996e+02, 0., 4.2096990000000000e+02,
       5.1652080000000001e+02, 0., 0., 1. ]
DistCoeff: !!opencv-matrix
   rows: 1
   cols: 5
   dt: d
   data: [ -2.4220000000000000e-01, 4.5600000000000002e-02,
       9.1228999999999995e-04, 2.9795000000000001e-04,
       -3.3000000000000000e-03 ]
ImageSize: [ 1920, 1080 ]
ReprojectionError: 0
DistModel: plumb_bob
